810577
3954982
9796173
4020145
344439
3350771
3595008
6970923
8106149
6478018
79727
2009254
2587880
3799329
6606250
9386898
7874600
2004562
1378394
281781
5486803
5963349
5808054
1089829
6748885
1445393
7850984
2364884
1470732
6901882
9982520
7651795
432428
6900941
4587753
6225357
5868488
7388131
4441175
8668628
4878652
5982035
3290352
5944745
1037467
6127796
1112669
9935638
263157
4638357
1232076
8062762
6401052
2764684
7229423
3758463
4076750
5664540
2198325
1743065
7768322
4193881
9053487
489805
8805265
1280477
8336264
8526313
6597334
5396946
6984245
3676041
4799381
4287513
8644479
7347955
7830329
2566575
1122227
7394874
998668
5910091
4643670
1453956
6463464
4005669
4839486
6874008
2381583
2502382
5560157
4329175
5350175
3569848
5617258
1347092
2980497
4489147
2489717
4167179
5633127
3769043
1452149
7975867
2769600
3407582
3559011
3292011
9410327
3082649
8535228
8311710
6318307
9353236
6422934
4023506
1821542
2193816
5126532
7295959
9805726
7604628
1180632
3304014
267536
482674
5310282
2179492
93935
202856
2365464
656446
9271860
7090250
8857141
3862233
9694751
6538832
2580744
9031865
8504412
2538274
717310
622092
5272409
2943103
8116360
9322450
8574929
5752843
9270342
5723287
4032336
6036228
1537219
5377965
3555894
9579752
4991940
8776909
2179935
982400
514633
5173981
424467
6264523
6317513
7232903
78674
3990018
8725932
4837987
4243154
4803521
4371320
3338743
701873
4163497
8909976
6600281
8889103
3396737
4023087
5479997
1761901
7130075
9530979
6262422
799857
2762727
6752243
5354665
7104656
8564703
129390
8628375
4103937
2325166
9810928
711920
2546930
3196946
7179053
6015453
589540
514239
7094982
2315384
991709
4321161
2146781
5710518
4420230
4340499
9008603
4721552
9346446
8944071
7712975
1055727
2230441
8795168
5952736
2802200
309954
5158533
6447982
7638314
7396366
1033352
1619621
2575323
2884155
3723535
2041781
7762733
8810150
504663
5343898
547047
2692425
9784282
1331797
798430
2274505
7775441
5153080
2120262
739388
316047
8703850
393594
785621
9080948
4528266
828396
8315466
1260225
3970937
3357210
7518072
7378850
1917037
4223150
7115449
8315504
5560921
1861445
6231022
3698996
5668138
358124
2905382
3832119
945494
6655343
8392466
7551422
3805975
8318583
6737975
2966585
398809
659613
6092570
5117521
4793322
3523775
1487486
8009459
1967190
2418907
6876039
6268038
7945406
6122403
8523760
7837051
642223
3957015
9114294
522929
3145582
1843048
3880130
9700730
3418512
7726330
89864
8974837
1633640
6109916
5498623
5253889
9744629
9944936
3982084
9511158
9515827
5144103
1129062
8838725
327610
2796028
6602845
1853529
9800827
9807743
6956573
6584072
6462060
1722792
7664530
9719934
1397487
6160243
6161248
1351233
2453872
5874197
3729790
6714933
6435431
3739660
4340231
6157820
825739
1149167
5873399
5415397
407006
4569392
5833955
2940903
136103
2907985
7620785
1544316
4469154
6668727
6773190
7922274
9907203
7092647
6093873
3134987
9387634
2179148
1857922
2954477
2557584
2210500
8648039
6939047
6608457
5417291
9974181
137072
2277149
1679266
6635817
1549637
7991231
7696102
9164764
8563690
4162973
8040109
7584786
7821433
5240769
5929577
5997710
5251039
5461407
2191554
5494801
9604384
2303891
5443569
141648
2380867
7172930
353427
9070357
9551990
2902455
4784885
5576820
7016356
3026528
4522864
9446886
8989428
2569902
9137458
7109152
1269114
2009152
2129965
5373505
5133056
6305402
8153246
6429312
1561050
938322
6609920
2706129
1564314
670082
1154275
408050
7843370
883650
2076684
4425006
2077514
2458998
353231
5016490
2207511
1990843
7477160
3975876
3876019
4361725
6293832
5821851
318166
9872758
2805475
2464427
5568284
9422233
4559259
5127410
2372199
7553245
7660198
4506353
987652
1834347
9153985
1070807
345377
5040119
1922050
4899109
8282184
6410091
2664762
7417678
8712113
3082776
6330238
2074111
3615906
7796701
5142973
8230209
9490111
3303388
3337731
2427950
103515
6650029
7937547
4040954
9649121
6964687
6144029
7346272
7808255
6926655
6692177
5550268
3567940
2253121
8654569
877434
9728819
3526321
6394472
4581782
3580068
6524102
6135748
5012308
2670498
6466148
3992924
8193383
970232
7846117
7382081
4985671
9644781
6117545
5629074
5941784
3495311
1752830
8087695
8432221
3429209
1937873
5771971
659735
1731840
6168654
1842617
489120
2756028
2581383
2983820
7584277
8318964
4334491
9419630
1404556
8929843
7353156
8063086
6005423
3033849
6297736
8116458
3209721
2081232
1612981
441864
2096785
6923697
2187750
5022127
484695
6542120
3883201
9760939
3142119
791079
1654273
9997876
400201
8700023
7620922
9761180
9743062
517093
592144
5838285
3265975
3583452
7236473
864229
6480612
1329574
8873422
8832186
8633112
8031842
5280347
8828917
8717067
2855613
3070069
1963856
2174456
991352
1322441
9379111
320700
2938619
3578881
2406057
3956704
5325630
6964694
8767480
7575296
2767522
5636300
9112813
8464704
800869
9721014
7064117
9853092
1909783
6138789
9125619
3017885
2598221
8605515
2379951
7884917
4365096
8021528
6276290
4797127
4845044
7509181
4122955
9296094
4909275
1039571
6320009
1101518
5432772
4099475
3165921
365020
7013007
208165
227311
1187865
3205449
5621348
3803944
9957781
4532419
343977
6825358
4836433
3470122
1000057
6125485
3523590
3203948
8864309
3219333
1225833
6376642
8408911
2568161
9887228
1488568
2825044
1350309
5061870
4639716
660096
8431416
6360415
6087377
8444504
2948119
4390726
4628855
7577276
8556321
5358605
5578017
2075854
9889769
3236311
625565
5073974
4007487
5596361
8211145
8733890
8736208
8382167
2202188
8862972
3100806
2684860
933642
2031289
2450429
2373073
9253380
3675536
9168317
2899772
6418265
2934723
7291079
7734221
3559738
7066375
6956418
3374203
117630
9450729
4877399
3794678
9826798
3893876
8164912
8146590
7641715
4673175
9028002
1240509
6256785
4459556
6343837
558507
7786746
2145072
6149317
1464089
8190569
2402823
5768686
3937697
1571085
2944586
9064326
3003452
2035790
5178471
1209763
8571578
8141295
1760363
8329193
6121893
2070673
6845795
5101113
5654661
7668684
3732639
9111786
3283310
7770217
490714
4637366
8090370
4554690
7474468
2715235
3582834
3411470
4544055
3914229
5324496
1617113
8238269
334757
1918751
5398789
4648498
5036047
2865012
9652663
1126780
9630127
1045282
3535738
6403333
6104836
3583792
8683729
7157288
3322273
8248295
6857914
2477971
5481563
608651
4159029
5671606
2987539
8870554
8661304
2902815
5543333
2768161
770767
8535057
7997112
8753096
8628110
737795
2390834
8623241
1837185
9406239
8504977
7712709
6441905
3096717
4807520
5392797
8480561
9189488
3556045
7969545
4573410
4061863
7531489
7086579
6656166
6750187
3185441
8245892
376735
5566117
4985482
2018195
2312668
6335918
4454224
4121573
5076050
4200681
6248510
553708
3093678
7930174
4751727
8150800
3467063
4048039
6858864
9357650
6091274
9079258
4655766
6068670
1670897
9718523
487628
2617848
816138
2173398
2122207
9181007
9804548
9915532
7046075
9420292
156522
630716
5294793
1756658
8095503
248811
8268017
7738315
5413464
153545
6015603
9297517
5895614
4831092
6931927
6110233
5411300
86047
2475464
1802007
6027456
5403579
8114829
9896881
1849975
4100945
7663111
4927676
3894452
9223507
9732176
5969020
8731728
3473244
7778642
1901526
7130327
1410573
6288096
7835760
9747921
2387241
6097278
5842741
232508
6428368
3281647
8381940
9832902
912225
3941140
5236762
1389742
8160767
6664798
866231
749021
6684164
3806658
6102474
7170938
4451272
2814328
1671538
6939845
4079288
6653859
5234866
7331795
6173469
4737872
2359609
9116875
4102744
2248270
8216643
9491573
2560428
9310771
3113881
9145083
1658567
9605538
892718
7657068
1001525
4435667
8601412
3728229
632983
5869314
9974422
5010540
4529875
3949179
5506274
3363229
5394619
8803825
5583379
6585918
9490825
6447561
3591950
209903
3552841
4249582
4868844
575105
6224770
5940695
6366683
8654773
1980753
7021914
7229541
2693194
2463377
7207289
4504255
1079334
4236869
5207397
631997
7873760
5628414
4055847
1268891
7432458
5825497
2179477
3764135
3213327
7321216
3970823
6633454
3049678
8678820
13059
9118566
8013618
1561909
6487096
4208746
8544548
2271700
9335751
6653254
3916763
2952178
6667524
7465909
1655763
2589703
6737182
6548475
185712
9224184
3488504
5519007
4077204
5799836
4780361
5506695
2376678
7419334
8164110
4040146
5167116
8332483
8449162
948144
5010058
8327805
5138851
6441700
8512059
7102106
9815699
3854644
1430931
67492
9188868
6750191
1797145
501886
2567332
6194242
2868477
1969440
5034876
4371124
691994
2736961
1266718
8266114
6983407
4525968
9968891
7309287
8725651
7562581
8414947
3033560
5021909
8709077
8544367
1918744
1998516
2630907
8935688
2615881
4572916
3571769
8106589
303981
6271819
202798
1229803
6226222
6904210
8258020
8802026
5627039
8504237
1112507
1099275
2344125
9651415
2383317
9006562
6745606
7437404
3667025
2421922
8025089
1199440
689248
1225893
7157497
5130217
6171260
8060715
4755189
8640600
1345391
755526
7206669
1753477
9890819
1006636
6572436
7141524
484265
9659025
4197110
4524792
1294164
7142421
2167562
1205306
6884148
6051981
512223
4901509
2728014
1779078
764612
9351983
6183442
4531727
7700459
9033977
680759
1750456
5018788
2473978
7295545
6743423
5314145
3757847
7999545
9145075
3674143
6211965
2068550
2876270
1855551
8955630
3428131
5193870
1913368
5914505
4079064
9796788
8815796
6417045
5531003
1733685
1671076
126422
2984576
59009
5979871
1262166
7571791
7265371
3663924
1002383
5181348
7318662
8944348
110298
7684021
8674100
3345696
6856713
2723314
1466915
6051742
8059103
3914874
194368
7931335
8584181
817357
4326683
6714604
4500512
3851356
1669832
3135097
185702
5730481
5366110
3247407
2984780
618761
1259485
5786321
1270110
6093556
9507662
420043
4212489
7268287
4819007
5827519
9921865
204178
6967245
6437801
695285
451819
4888215
6396259
9374564
3464382
3976964
946913
2693328
5164881
7446091
8228141
3384966
3697654
2775381
5133979
1100853
8340758
1760076
1498768
4599338
3188208
2821103
7245573
242346
703028
1622674
5824914
1872337
6868091
3526768
7173673
6420281
3651865
2072242
5719252
5717120
658012
1085561
2844746
8755446
9224142
6701873
660275
9231652
1747508
8090828
3867082
6284993
8321591
6627443
6519127
7539241
6318424
5938730
7991969
4916142
4817754
8216752
2154354
6059644
8532304
1502779
6235344
7262242
1789453
100787
7477349
6099033
4755530
1251657
6284667
8120560
1288298
7996931
2610782
7575077
2914623
9735491
3079520
8829263
5138603
7288345
1332046
7346668
78585
5929106
8031144
1813499
7604135
7331270
4584161
6814695
8399395
1089810
1073613
6197808
6192281
4758661
3476572
3188351
4998353
5172570
6803274
2021552
1725637
8070167
9329098
2760354
3345079
1823688
5128892
8998703
8049941
4074293
5767598
6851570
4278859
5468619
3420970
1685316
2986208
2516458
8287148
5439293
6302424
1864467
1830505
6911569
1057612
8601938
2963215
9118065
7669382
8036242
9798793
4373206
6827658
3922364
9723866
4019381
2583881
1132629
9776259
4494457
9162638
8335638
6134908
7613792
7606689
5949582
6320832
5762946
9812413
3237768
4511063
1419801
7796372
1394819
3016519
3115484
6499378
7888450
9935272
4793306
3909708
1215632
721081
9896637
1671751
7008879
3980509
273134
9777012
4705475
8825349
6888121
6840458
1613752
1203760
4562865
2156998
3945661
2756660
4218900
8344765
6138881
1050533
5340616
4752173
8935361
9375455
5430335
6421047
5022086
6158005
3474587
1239335
1886064
1230190
6240893
2485934
93951
1699992
5552159
3812489
2957602
2779930
9875994
8433265
8378090
9533359
1884933
2004177
2006442
502257
7879388
4161781
3773442
3495433
762802
3788979
297486
2006015
7032407
922031
1201170
5786465
4087614
6031411
382948
3221890
1946959
1803946
3164488
8848008
7966177
807341
3330214
1987663
7002443
3799913
1960444
9933692
8316966
1614222
1344133
7141171
3563649
6896282
850821
4339774
9800529
7050741
9852523
8965737
9735329
9092534
1431633
8885825
6032158
9037251
7252125
5528383
4843224
6989224
3386435
4159677
4281513
52808
6805315
4010849
3335315
8886269
4808392
117070
2011284
8981186
2760779
4406854
2428878
9489469
4832431
3032996
3692575
5429040
2081963
3427828
610782
2155592
7133431
3934020
3530357
2187182
5453128
416694
5789812
7490645
286663
2111230
5257070
9756871
6842530
5883887
9408934
7846813
3114697
565618
4868304
3153836
776209
2105337
5569752
4501243
4300265
4372261
8757295
6856383
4499632
1223299
7471233
833414
2167704
6390977
6063455
8607575
4455801
1055367
8999238
8058823
1617782
5119681
6778336
2758895
5149131
1950976
1191083
2783330
6387338
2135290
8085261
8260513
3682457
640398
4349598
5168827
1962538
4390868
836405
5760512
7404440
8309198
9000610
4380443
9927307
1388276
816805
8985147
9007631
6103881
4918359
8922737
8015457
15584
8091219
9854722
84457
1321246
6319847
3739685
8195488
5857934
7968985
7461030
8160638
3082389
3925918
326130
1092863
4905202
4569777
8597381
5674578
6906712
7001905
2276128
6724557
4342651
963599
883163
9822555
9947561
8813378
955857
1201244
5656312
5673423
6290460
4219417
3895833
5681853
639013
4644218
8444852
2142033
6304195
9773730
5389133
6144416
3022223
3489452
7207172
6279456
6384658
8908683
4938878
7092977
3653291
6036676
1390337
9147512
5691672
8688070
4909667
7627634
984647
76090
6370119
3927427
4963512
8945273
5597002
6187278
7446669
3420936
4298875
76207
4876762
6817217
210956
4018773
829802
3142771
5665276
2183803
4569755
9372905
5469139
8333475
4254804
4386466
6106860
4971265
8975149
6633002
9890634
5465227
2078010
1884931
5285395
2463041
6412858
6775405
1833133
3042304
9937323
312945
7694839
9882059
3001503
4075007
5854683
9229524
9017561
2553715
3582094
372968
4336767
2065703
4104386
5758208
4517729
1932675
7407984
252342
4677457
2475121
5820216
3946213
8288268
5153085
21239
6995200
261018
8804282
7653212
9256423
4291848
5258987
7304818
8624502
7855478
8853115
6387827
3037520
1603766
2199599
3494204
3876294
4514744
1194710
2655070
6515345
1485228
6957609
936097
194975
9832666
1143482
2931647
3552281
8792967
4321743
1466727
6684484
5058250
7854365
5693860
5983506
9195346
8804842
8662333
6604144
5172364
8882040
9890055
5881429
31830
7578877
3181142
1611606
8912752
8794829
282496
785921
8725675
2524825
1819140
5169171
4516481
7368789
110781
1372635
5241928
5007329
7738212
2780208
1592908
3097830
3888254
4986564
1330758
9926178
8646608
6022749
6545254
6997454
8960861
1573751
2318563
4100879
3047393
8919285
3469491
9837386
5059610
6680832
334648
9468550
4448553
7713542
6330856
5120114
6390818
3084159
4898193
1105008
3113335
8193955
8033634
234218
6918667
1128098
2036360
6460975
1942037
4074298
8280132
1384179
1028047
1666133
593347
7859070
1681287
7347418
2315464
2441137
6489
4188775
3461967
3654750
9018007
4807163
1929864
3386549
6374091
3309856
2847584
7013224
9264870
6870766
2634139
5989097
1074367
460744
7478777
9052492
773795
8304913
1798385
3786977
3068859
5578670
4033339
6876331
5982275
9762272
286358
4916012
125902
6100906
3251557
685598
7896582
6644877
7333784
1530175
8596486
9918212
8541531
4730889
229943
8771492
7032454
3418696
6971261
878007
333665
1907628
6575692
5977722
9018765
3945395
4015581
8321782
2447810
2979399
8133479
3363064
4972827
62583
5299810
8663142
4959948
1138998
3533959
5869730
1785255
3802341
5367037
9636789
3884503
6208448
5660675
4576319
5979786
1994267
2184211
74012
3721490
1498650
4135994
9655524
1053349
7902690
8902635
2259199
7765719
6195250
8241361
3496831
107720
203415
384039
7596450
6327759
1414612
3545324
1633128
626420
1755320
5282322
938448
9094419
1049854
521123
9244622
9629007
5795668
7502065
3486415
3111814
5283384
5119866
5021110
1159895
2202095
3819105
6564286
6271081
1139228
2513854
3874846
5266309
5344840
1161081
6711993
6987534
5248795
6907418
602149
5544097
1885356
2711226
9726294
311504
5295535
9946998
3851917
8230690
3324748
3956056
9012344
3469953
1231075
8971204
3094246
6698553
4463320
9329065
7193058
3262344
7315767
4230351
7564249
6537412
1700290
7997966
2750059
1279576
6750940
7713632
2332821
2080367
6553383
7877812
7656757
220094
3105600
5019989
2431231
2177965
373919
1696467
6396439
2963005
2839561
9180792
8491356
1462160
7229820
6418746
857998
969175
2931706
1291894
7557000
2753572
6981392
7178941
7442398
4479455
3419371
9648257
7972008
9879058
7265429
9613955
9950830
4677597
9399980
3435873
588034
3134310
2222155
6411576
6076784
6968697
5438884
4600925
4857669
9333638
9546810
9612754
155341
8040941
6974547
2759628
9940825
4495797
468575
778967
687369
8596293
4700966
8113603
3692771
5980231
4902702
7125570
7843605
2705049
673342
904715
9656020
7849806
3058822
4737383
5767733
5942041
5366972
8903005
2913551
8539613
4356230
2309498
9232923
854463
2256246
9715621
2909654
4073505
1686569
5931454
6329538
6296588
6874306
3647402
6399489
5885595
5021387
664308
417677
6797140
3227723
9814131
5339752
8636643
5886333
8743739
3499950
2857825
8166474
7302528
3619986
4237646
5412486
3583107
1892090
8276669
3389596
3185833
5304916
7790169
2091975
9775257
5822615
2116113
5100938
8925353
3844842
2455087
4034738
4311375
8235100
2802156
2431996
7791967
7876014
8435600
5023867
1649182
5511962
8178905
7568398
1363433
5814203
5185019
4338722
8205040
9366810
8837220
4376179
2120281
9574595
6571750
6007091
506808
1129647
1739285
9242393
6710228
1465967
74390
9555818
862346
5887141
2558808
7931070
6784842
4043528
7668654
5924277
444368
846817
4836822
5438127
8342707
7675752
9720115
8487639
7569777
9938210
9005987
7179908
6649568
84638
213480
9032453
1680506
7532356
1145885
9825067
170064
9607189
3241898
1246853
2207574
9883901
7184408
3959551
2936591
4884308
4168778
4830939
6370326
9078915
255280
1976988
3873259
1738366
9468868
7653163
3181077
4125889
9974402
1927435
2622251
5891165
7555848
4634994
74101
6624194
8913211
3851669
3551049
4133731
1099574
8685562
5836717
356127
8922691
2010118
35784
7699849
4615071
3260760
1691718
4097897
3041527
7384983
8375958
9077413
1103796
4733269
6982693
1474641
2218012
2908572
3318858
2739141
3541116
2428256
8483907
6000071
7060274
5281329
9836387
7869658
1610009
1972695
7991451
4340324
348826
8948457
3209548
3287480
8912069
4905403
24917
7438911
8527816
8028964
8694939
3895418
1666283
263925
3570012
8560126
3417957
6853557
7027867
7135416
4397384
453001
911522
4189123
7350452
6093522
6674093
267311
3424254
5812008
6436876
3050979
4485954
2173872
7997976
7092077
2554467
3314834
9754967
5404477
295052
3618090
3808000
8782492
1123934
1679616
8785324
3993172
6477473
174118
9453574
2590001
4463200
7376917
5599249
9820667
9409055
4741839
2596581
8150007
9356950
1976088
568274
3492494
6785333
594331
4656322
595004
2051914
9071304
1227430
9245264
6141460
6607385
6263111
3998377
5193062
3619084
8487842
6586846
7632660
6715429
7591492
9108676
9766644
6250502
3344430
2864329
777851
1018699
5389467
2768938
4024136
6414582
3045119
5361715
9486088
8118323
8054348
3764822
9672714
6962872
6865017
2055574
3742937
6510369
2146763
2030644
5377467
9550650
9712502
1761388
4997423
4885640
7486569
764915
143345
9585038
9092238
5541086
8527810
8560296
9564181
5706512
9827780
6391887
5797486
6634449
2203817
9153311
7023007
6021175
5437494
4814440
9452419
4624066
8362751
1982483
3332530
5649270
4418198
1713573
9615404
5380356
6439971
8631881
5283460
6880877
8412939
2249930
3078242
7398863
3249057
6157682
3744737
3667454
4531469
8434923
3637946
1198276
2807639
2576507
9288758
7141049
9134730
2953803
6566001
5971868
9772161
6167603
8838231
2718632
7963055
2446546
821024
6175554
9499155
2335316
3810880
7494527
1821799
3711744
9938975
3228904
3530835
3988576
7938658
4126142
2314240
1278169
1880705
6310243
9251619
3038417
4243966
6074351
5140038
2046491
3131000
147387
5732984
6958011
6471510
6068560
9668131
3316955
1393369
5614268
7085308
5272245
7368893
8259138
7941141
6266920
1394607
5925513
2170687
6531647
1157681
8622433
2244539
5069980
4674329
1215124
613442
3828858
4275980
4445377
3611246
6800003
9045709
8221875
7233596
1638253
7942041
2836485
6400138
6570840
4469145
8086244
2583816
1937768
1010604
9403235
3973746
975189
946924
9378974
8287296
7572459
7097440
3073722
6745860
5831079
2810064
543661
1386217
5325906
5691654
3169711
2246930
1866195
9153544
8618171
7765999
4062961
5524698
7857370
748650
7246010
839827
702063
9861015
3507413
1998382
3487143
7209199
7647293
2560208
7338575
9728142
14389
6289014
8196083
8335649
8731686
9775411
3946972
9478912
3407767
5289993
610717
198249
5236348
1377290
1822805
5085245
2908224
790973
5018452
3435425
8391215
2155848
4863267
7376893
1737216
9612981
966784
5937312
7728732
3698964
3721380
33868
811846
7532148
9501313
211196
3231881
7139781
1507500
4344153
9452428
9349895
330918
4917563
549215
4559418
6935956
5355738
7616360
7624322
4948308
8838737
8164451
2368204
6619259
647443
6588179
1581277
7940127
7280224
6147636
3079190
4184944
8228754
3058996
1944087
2598330
4559102
6495827
6493332
5240508
6640085
3434969
2971039
2982399
1468238
6820436
9346904
4245504
387034
5876168
8966113
1414450
1306763
7842502
199325
1970333
2691325
2877844
9130317
7880629
9182913
5213972
8968505
9859582
9135379
6299566
9039605
9508266
45811
3890547
1223668
9394902
8605187
2945644
2053139
6948352
7528759
7834098
120799
7254888
1492218
5115268
4291487
1423296
4012012
5842085
5232016
9240927
8618522
944257
9913446
9623588
2605618
5061507
2161695
8972037
8162224
1933831
3084684
3723189
6631324
734204
6040846
2117525
7633223
8448464
9626508
7467064
2964428
307124
1032158
9470600
6233877
6313668
4406139
5408247
9326939
9615484
5600039
4450746
2175741
661403
2885081
7813927
2455993
5981004
8636114
2539755
466070
8477821
3307490
4587884
4070476
5588457
2594787
9251492
9612552
206949
2372507
2517608
4590899
2976069
244900
5423981
3524999
2436580
7997212
5721290
7509913
4422720
6242564
3242176
5466786
6664103
7044722
8325720
6742826
8632149
205302
5056326
9773226
882522
9000009
762672
128843
193532
4092237
4142615
5322124
5256891
8541057
7239782
8052968
4452357
2250538
9980288
980629
5264157
1091761
5346014
1639943
8107736
3778895
4450617
6355735
6846923
735913
6733836
1512500
139997
4776214
2267060
6827113
6451484
1223746
245880
9795853
5073872
7395266
5914740
8969930
8426757
4395241
2409344
491185
296108
358331
105006
4271051
2269994
5635182
704489
5717208
9847498
4276511
8485100
8186571
8161439
9112629
9262525
8661300
6386281
3224305
1279679
5176583
5521099
1279297
9117755
870383
1888050
4867224
3190439
8706795
8026540
5210270
1630697
5228943
6238767
666212
8559779
9054866
734630
5403536
8527874
6626222
7825141
4579537
5703915
901660
8016741
3249061
7756870
1090635
6307668
6756906
1287808
6706898
4747262
4931163
395837
9816353
297079
9335930
3152514
3016908
3563351
1572520
7000395
5589553
1361444
5459046
4084355
5592878
8944308
6382679
9188344
6722676
1919243
7032377
8905373
9433922
4117811
9571787
4263859
368854
8931914
4763865
2002208
9459863
3524916
3703165
9289831
6965369
9514257
833234
6360462
67462
5974378
1041861
3894211
5631062
5437831
2198666
3065144
5515963
9955843
5157274
9685977
7360844
3714348
7509423
5704161
4450079
8311882
8216204
7009913
7596682
862667
6183138
1525437
890816
6701605
2321260
652438
8391893
5668679
3973061
420499
2464529
928318
7082462
658565
1282589
8342473
2952775
227156
1252146
1580303
8211004
5558509
1492687
3245063
8008916
5087692
8382920
3523271
6172892
4163489
8556168
829342
5128660
5800208
6945971
9797129
5427791
8163126
1507900
4905920
6356895
7760932
4850662
5603899
208975
9746731
7392806
7971043
2925650
346355
1063993
7817949
5336888
1828380
377141
6686761
6758692
5590671
4290561
1275467
4137147
640322
5309864
7511331
6953695
6311254
9645396
7174234
6377242
3279584
3678082
1535072
3193661
8387266
2200987
446126
7372283
6006559
4880841
8006063
8753579
859359
2366234
841517
1904373
1098301
8715758
2738264
2199005
7471599
4128754
5003990
838469
3183780
1948663
2872733
5419302
2206865
4600408
9665465
9401067
8359136
9487359
6429715
755968
1375191
207233
451878
9433524
7918358
3012867
5790583
4541722
2036288
645988
2800534
4632033
4753447
9083576
9083031
8964802
3591495
4702300
778138
7195553
3474920
2315445
3417663
678670
4762282
6122012
2133375
9946522
8030009
1019145
8438165
9769475
3128076
5196016
7359004
1089600
548304
8462294
4842859
5866750
5505167
8507199
5391012
9944793
612024
6186673
3445362
6342974
2458649
468900
125477
5527559
2200892
7488491
939929
4502743
1486331
5254569
9407004
9168218
1666692
6830890
8002405
3915463
2589318
509605
3585303
1570515
8858559
207098
5179335
6938405
9744568
6577642
9795699
410310
7657973
1725493
6612333
2245849
1503255
955395
8106402
9083785
8569172
3242138
8301057
5131003
5927260
2857449
4031566
4728252
3454491
2060502
4431341
9957416
653853
4067823
2246268
105821
2761709
7881302
1746683
8059876
9886033
1214052
1626020
45973
8866920
402905
8296766
3230444
2610441
4775510
1424956
8204987
2316351
9182016
3967280
3019151
7274526
2383655
4301176
9357935
7033183
8596926
6936780
5153066
9989382
8605692
9082284
5561961
5804020
1015416
5202291
8338851
5004654
2676719
7098280
1629533
1187613
3432421
132305
3889914
2646841
9007587
134379
5954166
670368
2859306
7982984
1942235
3883710
4229351
6501495
1148761
9515540
8809645
6499828
7874232
3475146
5396385
709163
7157961
6282118
3062313
6966249
9454570
9284684
1127409
6132083
2590798
6958042
6383656
3371572
9246764
7772589
2581216
3942750
8050626
3693519
4834489
3397469
8698185
4559853
9117878
4967143
7812502
2512231
8867510
4164456
225191
5751137
9098177
2808194
2979526
526757
4487859
8016915
3074108
2275649
9324000
2053292
7884643
8312466
2088941
1697911
1266635
4231239
2642390
5263214
4751324
8629677
8807237
2025957
2898445
8565068
7094522
8975451
4403150
7047084
5941057
9133219
2261636
4908170
5994388
1374626
8126254
3630173
5746569
410783
6850382
2942339
9452138
1521666
8261454
6625882
721976
664054
7777990
3948804
3854784
618914
1846356
9300687
677455
1160929
2578529
7859532
2879119
21086
6209680
1601469
7997703
9179346
397027
7854583
8305274
1641287
7712672
8073835
3639088
1127523
8190602
6229324
5234404
3390872
3253806
7464289
9053409
3373641
501821
1134075
3483639
1403786
4587185
5751772
7471246
3087675
5653909
5877802
9542936
8663936
2053802
593424
9415586
6070479
8690372
1368846
7306960
6956999
3452962
5865007
8846848
2692888
2257538
1612804
1744685
3705841
5714504
7064212
3707993
8966000
3652951
3713954
7309506
9835746
8762078
455422
3284444
5860768
7008322
9129456
711956
7230046
720044
7291955
967281
6912964
9441645
6567380
6191151
3137420
5334417
6977246
7689629
1697314
1544379
5182773
5076835
4005575
9134666
5955412
6186016
1587882
1774235
401845
2707751
2485410
4304457
3580346
2439540
9743494
1167652
171078
9894069
5594127
3782485
6342568
8881197
8280764
1457570
701600
7635509
5983584
8442287
8819852
6218923
6498416
2042921
4836330
4164383
7923098
1574121
3353867
2317973
358225
2568016
5526479
8223469
2336141
1416691
458859
7733487
2590879
4492607
1677979
4246091
248668
464066
7238703
4658000
6212525
1220761
3185462
8938875
5798542
3625024
5592093
9305464
8306942
9904703
3134014
3244426
2188618
5962319
336104
3842871
4700208
152902
9016704
7432024
9480866
9029123
5316893
4977379
6126107
845230
9891514
5133989
9624068
4118788
972009
4265896
7487820
8145460
8645027
5644007
836612
9513491
6282982
5030124
1765840
4986192
5890148
3313749
6301629
2077989
1339583
9631334
3292174
857513
9111230
5064927
7470587
2071273
136042
1818973
7658427
7864448
8392604
4424388
9750393
7720112
7260822
1069452
7730809
4303642
9621297
8325444
8371252
9812488
4438622
8951768
5528182
888363
4645741
8758711
4275631
9604810
4474147
2179134
2965837
6964576
1077549
9706350
6984780
6286987
6380833
1607900
1886609
9508987
6219078
2376628
1535422
554040
5497824
8923863
2970436
441646
4537958
1370230
3511970
2946950
1157336
4146848
5842300
1131268
9183748
3234877
7948234
9269667
2055152
1560434
3592364
4744359
8866606
2496300
1986544
5027111
975124
5724931
9052909
8913830
201067
7440493
2821983
6124366
38742
4205368
9071652
7833014
8846641
6012853
6318119
689841
7059596
9619550
5592057
8080275
2545484
4030622
364187
6075412
734062
8487857
2649971
6531114
8600172
114205
2124245
5681789
1000631
7936721
4416006
1631543
106663
2595348
5820889
2292623
7422810
8811625
2727871
395022
77653
3371911
8878551
5952141
5932064
4462471
8315531
4183797
1724012
3395559
4185604
4806813
2848055
8468487
7949148
1614436
5887698
5643450
8573286
1051907
2481929
61048
3390702
2426687
2256376
3499865
1861652
8394516
9728373
7392191
3361976
6128464
1940710
6743008
260854
7073893
7092047
6651473
4678119
6090552
2782940
2472146
5945590
222646
2319513
3044925
9592215
8945800
6300464
1511890
3287850
3293180
2220515
7716560
5075554
634793
6655980
2512271
17871
549979
2372639
1945281
7492605
7870050
2608825
7181522
3833350
5290870
2552445
2162338
8526669
2731931
9524464
9393571
6918140
7470881
8480702
5947867
3805620
3019799
8038299
6011579
5001116
9968484
7497504
5923840
9839246
9951392
4338800
6726409
6052378
271827
76964
3513613
7774908
1604656
9071301
35390
4731725
8649847
9539461
1880012
3682205
9762303
2293965
9809588
7024101
5837579
7585129
2084683
4542948
1170920
6033885
7212310
2035496
3523269
1284857
2396080
2137845
1026043
5394737
896041
2134822
5440513
7166500
7235827
2007233
7946402
5273000
28405
9666349
6686016
2893322
738335
4914902
6717271
7940331
8679543
5235968
2221618
2429611
4606381
2017763
8741378
9126163
5100646
9448507
1681931
4319429
1402721
5320392
4119007
5062743
1454431
655499
6845907
8504015
9877175
5799818
3015301
6583602
318667
3694403
7906598
4104351
4148797
3273551
1100448
2525269
7889703
7861523
6573288
4963157
8026272
6360206
7460821
9866972
7823133
3390402
8812440
4920643
3554755
7812593
2041197
8226184
455592
4846970
9637664
8000587
2321792
7009980
3517509
251803
8181394
3869524
5624912
7588202
3578203
3461812
9764736
1596004
6159182
1926599
749683
7824186
1157724
664846
1045713
5975753
5812495
401392
7284822
8596746
2147587
3989939
7018227
7119378
2930160
1267921
2586797
9027394
4727695
8638190
5900006
7598346
5558916
3753708
6733994
9852265
4300509
918109
674880
9323725
2071339
4934931
6573689
8038756
3255690
9262592
5985578
7857911
2159227
6018191
3955353
4318698
6533255
2763157
2356393
9261053
1852559
6292683
9051220
459807
7771416
4110950
9815879
5950446
6571507
188040
8009304
4291565
9143333
323376
1444972
9904602
4326921
3662412
1754776
8073841
4136723
5713184
3652757
7172182
1472805
261578
6127799
9019930
2855633
3049858
9380663
6900992
1949746
1025214
5473812
7615038
4125092
2231042
3642829
1535505
9530350
5873120
7527285
3987789
5673780
5400776
9530432
8670067
4148056
5648684
3582868
2145737
5740438
8665926
2600329
5868839
682204
1912020
847125
6327995
1520464
1176688
2052606
9699104
2377015
5662958
3381933
4063773
6695904
3924839
3445494
4688766
4546423
2722265
8504738
7133277
4771904
5010951
1421550
4494455
6053590
172162
4295139
2517136
6389993
2499205
5110315
6977225
704755
1560043
5881564
3437349
9990880
1596605
475189
360970
6509601
3452758
6925421
8064410
7017371
7553667
8197442
2243462
6103171
2481985
6965902
591579
3405020
4313736
3512786
7039746
6013644
2930083
1153010
2233795
5693285
8285526
9421172
2085706
3372341
7747367
5190098
839947
6878152
7641177
5420473
5429202
3184397
4070989
954822
6636127
8934787
8734465
9220139
3784431
6962322
7533823
290393
594133
455775
3888202
9034163
748704
424714
9361615
5040372
9253806
7296519
6961610
7315093
5846293
3594879
9853154
1195651
3825793
9028101
3825692
389545
357656
2881114
7988640
488212
763431
2560226
9059760
8767925
7094305
9269477
5388091
5486284
9753155
3501690
1723004
216555
6013010
4769415
6713712
7182722
3314967
7094983
1587920
9773377
9723516
1615184
7575139
9770043
4389061
9916382
3375983
8381419
7998704
2558305
1863142
2840239
3809564
9564252
9564989
9855034
5461979
4982977
451546
9076368
4125846
4188049
8593085
1931872
5217792
9473320
3405297
3115902
9622969
9629195
2470792
428087
2812709
213070
1254366
9600843
2957475
1053867
2969130
5484178
93796
454050
8229124
3356339
7656593
7843049
2021986
0
3446024
4012501
5995742
1453915
7917574
323374
1238022
4162263
1933156
7416117
3768609
3299761
2459749
2778302
8123478
7938210
7248339
631580
422732
7067794
1994658
128225
1277041
1600808
3604979
6515454
7754613
3012689
7145483
7679868
3732049
6252227
923348
8821922
4268783
7952426
4485265
3084898
891488
9695645
4427091
34419
8702736
9071848
4010637
5850542
692822
2926507
3761672
94154
7561149
3445541
9299193
919113
1427583
5310183
8590380
2102689
4542586
2190395
1032298
8426996
6443656
6996817
1685381
874478
8131305
1806398
4339362
5351860
9704314
1022837
7493072
4177130
5952274
9752551
4477144
6192094
9867684
250249
7776356
6281494
6639528
7647825
1543937
4972458
6699479
9819425
7988616
5309636
5168874
2279045
7816180
7557034
8541443
6826711
1817903
8484675
1206681
7373617
6492215
5534892
1259206
5462791
4309248
7498178
2308121
4993747
3278490
2806296
2463333
8746660
3866492
6106007
8463021
790855
1829307
7081200
1150477
8398101
4715327
2137245
9460906
6299718
3322998
2817364
7831941
8677150
8167537
1625590
7942312
7849954
8147625
47128
9050111
8800368
2487894
6510088
6806152
9197312
9323164
2944238
4780329
9604390
2390609
9904196
4922044
4165087
1869652
9449440
2058141
3713363
7464281
2198225
4847858
2336333
7618536
7406257
8449253
6947411
5474857
1984087
9839926
9998670
8182149
3767659
500765
4233169
7416329
3141030
7441569
2285301
9144501
1421545
4923056
2248908
3225061
561290
2872360
8717809
9756907
2102786
2996956
1592101
5357534
5769339
1140051
5349365
916058
7790564
5434560
9622701
3805414
2264446
8125430
2747519
1504448
385984
5096986
6318142
9837785
5971512
6803348
3701065
8492376
1853818
411856
5277531
7089191
8844483
4999617
4751447
2507625
7481449
2643466
6427991
5153032
801413
3304593
3524223
3284124
364255
192666
694768
4185583
948451
7615147
8733300
5172988
1748038
6284477
4845479
8797238
9538157
6605034
4435176
3067251
5074822
6124116
3884913
5333535
8294734
7376581
28375
1966575
9659960
9362695
6097798
9303019
7393572
5762424
7356410
9204256
6710770
6512400
4242552
5408740
2141666
1545574
5571867
2734667
4446128
4009168
5729466
9485713
7712096
4647676
2838988
8117321
6172050
2703798
5573084
3286826
417488
4774174
2222313
7698548
5636730
5794651
500354
6117933
1796050
471869
3965370
9936959
9002582
2162033
353572
4037159
3479239
1858635
6439654
6125759
8494659
9459410
199353
5706552
6807725
509736
2350173
4772337
8774712
1277028
4412109
7427187
8201634
293070
3577013
8201525
3029841
3903600
2933398
476305
8533514
5211034
4415414
2365545
5784220
810512
9307695
732093
3850220
4186368
5011447
9741231
2830275
5147049
4602089
4109690
2900381
1711925
4439244
4359753
4898651
9339424
8294518
6351761
9118452
8483777
7274815
4475237
9307787
8821162
4126239
4520436
5501767
7338784
6947169
2487502
8546759
1649977
3776793
1813804
3375048
6386769
6294141
7357489
7384399
1535820
7743845
8571489
745553
4519313
3789115
6255105
1738733
5359571
5723408
941200
7187730
5254712
2890323
7421311
5362211
1159839
9023049
3126097
6532114
7170078
1376454
2837335
2844163
576491
1633244
6556957
6759343
7818221
7946428
748770
6039292
3120409
3076719
3023020
4355238
4621729
5772051
6359639
3057380
947767
1302199
3485888
2277191
4679744
1751136
5414323
4996978
3192880
865431
8957498
5010968
428266
5080110
6611254
3275231
4219213
560655
7891568
5438317
839077
2731182
2601190
8784373
6955190
9291341
99033
6872394
3298859
8232463
7822918
3674350
6617193
5655803
7560475
9423820
7908434
4672718
8504532
5991771
5977668
9212491
701394
2708631
9594947
7832401
5045714
9455451
2288654
7371591
75278
5868631
9243028
7951808
8185238
8116585
5395936
4016970
180857
411293
1788020
2353744
1106911
3257521
5452178
4900130
5930264
296589
919130
9915490
7230740
3176429
5418197
8081897
9276650
193413
1259479
2885037
2187276
5683610
949234
3797389
833678
4313937
4231675
82402
5122009
9016256
4448908
9234471
8142762
8767183
6150711
8597519
9376947
4909277
1494809
1842156
8474842
8315555
3868137
2973378
602711
6540477
1852230
3002214
6104100
2457003
1031622
1110645
2658969
8096659
5075361
8079891
2467936
8167203
804498
3320870
6023011
2607439
7028745
154592
5763265
2288770
7590587
7112614
6664067
8820695
8778255
5677400
2626102
8532657
4036682
736918
9624039
8569621
760282
1167589
6938716
4092200
2991742
3204666
7686082
3906534
8253328
4927577
4795826
3670264
6102176
796664
9881927
3623082
4059714
9329494
2554321
6491375
7449114
4125987
8458853
7056061
62238
8377321
6043330
7867174
1708054
1545828
6110526
3277336
1047070
2919724
267416
5654241
8633764
5705627
4273839
1614500
476786
521516
2222754
91956
6702942
632369
9566911
919164
6849696
791270
5215287
1477243
2894119
4230725
9678898
600716
1542864
3825817
9425009
2287721
6696027
5095574
1397401
840718
9979070
7929216
3162712
9132412
918348
8550522
98088
6534354
8545800
5172622
9317250
7676497
3235679
3709726
7532582
5769699
5434306
3715430
6028545
2065339
565229
8150224
3974841
3942763
5651813
3137496
6193972
8376734
5379510
459206
3344262
4157857
5796534
9553393
4912959
7634559
1913053
1913857
4351389
8459414
9652667
8553775
7998834
8250996
7484317
1326538
4771350
333313
9785462
3937647
617069
9616331
1635441
1875651
6012078
3588217
4844270
5049366
9244312
4959441
3611702
5466717
3285334
1858223
4455900
719540
158791
7752093
5733601
3093253
3209649
8456935
8629224
6541918
8851091
2938351
7042084
2184029
7382545
7231851
5268353
6089063
6034695
7721456
1199389
9548107
5173865
2623154
605416
2409377
3757011
8729727
1804665
8949558
5283874
1876823
4861305
2731703
421933
6967766
9839107
652251
834631
8275182
3754909
808693
4595708
3798780
5084347
4729969
3743676
2761387
8347469
8496181
9320882
8255507
2839085
2480045
9485997
9035312
4405059
9194073
9641664
6490067
1637418
2450739
1387138
8532264
2073856
1706213
5430131
3834683
39891
7205712
3059963
8707113
4526569
3025494
5459505
6916447
844270
8704816
663067
1402083
6490516
732226
2444616
3998206
1622616
4529412
4127642
6586320
1913919
4710567
4973523
3267299
7653267
2851587
7378973
1806005
804234
6166227
1394635
4586654
9323635
9746864
8572214
4468188
5647793
2498478
3920960
6696432
6593308
6537036
2756299
1316471
4561656
5517024
6870865
9062179
5175616
8505801
4010488
7708916
2254223
6900378
9884050
3113839
6638532
3851841
1058475
6232532
4730855
9248850
8661310
2123684
5187354
4732074
9316405
1833843
9674568
7326150
5302302
6823623
2165080
3308727
9801023
2116413
7619992
8430205
2641322
4022696
5432811
9056771
9092554
1207677
2978572
7706217
555525
29230
8313622
5073917
5828444
3152996
7748960
933982
4601745
3168350
4974230
5623450
4626232
5801635
6489926
5980431
6419005
7067332
7649212
9349468
4677112
478839
5333196
3184719
8479577
3550381
1604574
7573356
2849141
5279743
7076895
980514
3563206
5455281
6661883
716592
7771397
1989776
2717171
1654326
5777248
4572762
5431188
8544286
5943553
5574376
3494937
3200889
2311407
2894093
5255662
6454888
8834006
8912198
8895397
9886749
4323130
1816795
3973243
524247
5846090
4178075
4183829
8440319
4011277
755931
8072096
5602772
1073304
8760538
4245886
7655869
5621409
2777006
1485404
1500223
4127078
6621463
2792002
4380311
7993317
9730016
2820699
4539585
2040971
6109261
5603795
7499001
4099588
545085
9368599
8386627
5836043
2404693
1241283
577205
8571818
911076
4633012
1238230
4801190
5882813
9057160
6981770
3491790
4353375
6289311
1544007
9828046
4125238
8902778
6417648
5782647
594459
5480460
158034
6055688
8321102
7254095
9887740
8474153
3406355
7993046
1283478
3213788
3308775
3969868
5096913
9294048
882346
7498659
1270708
5383309
3633491
7072881
6042023
4841286
1905524
1130750
1195913
8745292
8726557
4081534
6048573
5310604
6152447
6627712
2757177
6057455
466951
6504831
523386
644404
7992048
901835
3656900
8357126
3688851
2637827
7942446
6135965
7418858
3709987
3512196
4416292
534300
1883700
660247
6240913
9584615
365203
9576232
2209324
7181559
2232673
1062352
381212
2046599
3563116
347261
3135319
3646981
3051959
1048678
2738064
3154646
4296893
1419873
408466
6408973
1990039
9519914
1413130
8778187
3286449
8553783
6348101
9452569
5806684
6007144
1931960
9265927
4925178
3650622
2774218
3787439
3346443
6466409
8608232
8523457
899136
8206666
6461939
9511205
4499626
1896602
5854583
1307229
9926435
9180976
1370905
3297540
7918918
8800193
6736039
767938
87318
736153
6349112
5303824
8899257
2699494
339901
8669105
7033678
9649315
7576168
1618815
4004319
6411859
3272046
4065150
1676478
7591696
6448519
1343183
4399782
2022944
828029
277735
2987818
4100353
5671784
4509693
8943509
7764567
2662668
4671625
1636860
6173353
7742880
5054277
2789258
4984250
3956685
3351731
4976012
8550069
8533199
700402
7318600
3809830
5063751
7089252
4396024
8165942
3270658
8844441
9034901
1761237
1366360
1723693
534052
8780905
6407789
4058293
8461518
6119960
7051398
6723725
2693572
2946396
7709525
6954818
7395148
6508075
3605914
3428825
4424598
5854470
3222822
8438144
285217
1187217
5625518
9516910
8255444
9035368
6528737
5610293
9487766
450111
2662968
1772105
1826651
6556988
1250034
2018427
